   Training Loss  Training Accuracy  Test Loss  Test Accuracy
0       4.732912           0.056557   4.684785       0.065930
1       3.905788           0.155656   3.814757       0.154125
2       3.433016           0.241408   3.297809       0.254056
3       3.115836           0.290123   2.989595       0.285813
4       2.922204           0.322823   2.760187       0.324646
5       2.802973           0.340007   2.653451       0.341388
6       2.672815           0.363697   2.525384       0.366759
7       2.571104           0.385052   2.451068       0.386089
8       2.517475           0.401401   2.382413       0.397653
9       2.485907           0.401568   2.372416       0.392993