   Training Loss  Training Accuracy  Test Loss  Test Accuracy
0       4.366768           0.203871   4.247339       0.219710
1       3.311618           0.328161   3.082257       0.331032
2       2.845489           0.405405   2.591658       0.413704
3       2.585616           0.453287   2.319966       0.443735
4       2.389807           0.477978   2.147914       0.471522
5       2.235739           0.496997   2.015566       0.502761
6       2.135180           0.530364   1.925294       0.514843
7       2.062779           0.533200   1.874630       0.521401
8       1.955403           0.568402   1.827059       0.531412
9       1.940235           0.570904   1.776764       0.547981