   Training Loss  Training Accuracy  Test Loss  Test Accuracy
0       3.474455           0.228896   3.355104       0.218502
1       2.661292           0.365032   2.674352       0.324128
2       2.311200           0.446780   2.291617       0.399724
3       2.063699           0.504004   2.183823       0.427684
4       1.991797           0.499166   2.181119       0.426130
5       1.819795           0.541875   2.099957       0.446496
6       1.747900           0.578078   2.059959       0.451674
7       1.713690           0.557224   2.067145       0.460649
8       1.597142           0.598098   2.016667       0.468243
9       1.571946           0.595929   2.110743       0.459441